<html>
<head><meta charset="utf-8" /></head>
<body>
    <div>                        <script type="text/javascript">window.PlotlyConfig = {MathJaxConfig: 'local'};</script>
        <script charset="utf-8" src="https://cdn.plot.ly/plotly-2.35.2.min.js"></script>                <div id="d0437101-195c-41f3-94e2-1a5fa65342b5" class="plotly-graph-div" style="height:100%; width:100%;"></div>            <script type="text/javascript">                                    window.PLOTLYENV=window.PLOTLYENV || {};                                    if (document.getElementById("d0437101-195c-41f3-94e2-1a5fa65342b5")) {                    Plotly.newPlot(                        "d0437101-195c-41f3-94e2-1a5fa65342b5",                        [{"colorbar":{"title":{"text":"Deaths"}},"colorscale":[[0.0,"rgb(255,245,240)"],[0.125,"rgb(254,224,210)"],[0.25,"rgb(252,187,161)"],[0.375,"rgb(252,146,114)"],[0.5,"rgb(251,106,74)"],[0.625,"rgb(239,59,44)"],[0.75,"rgb(203,24,29)"],[0.875,"rgb(165,15,21)"],[1.0,"rgb(103,0,13)"]],"customdata":[[3228199.0,1.64,27.91,3.88,0.65,65.92,1349.0],[509561.0,7.95,4.2,6.58,15.17,66.09,1047.0],[4308901.0,4.11,4.93,31.57,4.32,55.07,1300.0],[1916182.0,2.07,16.46,7.07,0.87,73.53,1264.0],[26315841.0,15.69,6.41,38.51,0.55,38.84,775.0],[3696203.0,3.73,4.6,20.5,0.81,70.37,869.0],[2418238.0,5.03,10.72,15.53,0.23,68.48,654.0],[616293.0,4.44,23.12,8.77,0.37,63.3,1079.0],[12917746.0,3.3,16.95,26.26,0.32,53.18,1199.0],[6828589.0,4.4,32.54,8.89,0.27,53.89,1193.0],[941542.0,65.99,2.85,9.18,0.45,21.68,624.0],[1061229.0,1.94,0.94,12.04,1.33,83.75,1032.0],[8661543.0,5.96,14.79,16.75,0.21,62.29,750.0],[4359752.0,2.52,9.93,6.38,0.3,80.87,990.0],[2029629.0,2.93,3.89,5.54,0.35,87.29,655.0],[1898996.0,3.54,6.71,11.17,1.06,77.51,899.0],[2933780.0,1.69,8.71,3.31,0.24,86.05,1166.0],[3092330.0,2.02,32.77,4.96,0.7,59.55,1625.0],[876323.0,1.42,1.59,1.57,0.79,94.62,464.0],[4072051.0,6.94,31.22,9.48,0.31,52.05,747.0],[4670047.0,7.23,7.53,11.24,0.23,73.77,428.0],[6610574.0,3.5,14.76,4.7,0.73,76.31,882.0],[3636880.0,5.25,6.34,4.98,1.2,82.23,460.0],[1952216.0,1.25,38.77,3.01,0.51,56.46,1334.0],[3982488.0,2.45,12.46,3.89,0.57,80.63,1106.0],[670303.0,1.12,0.79,3.54,6.43,88.14,939.0],[1230019.0,2.75,5.26,9.95,0.89,81.16,709.0],[1889781.0,9.71,9.41,28.26,1.04,51.58,1067.0],[909978.0,3.19,1.54,3.4,0.3,91.57,514.0],[6045490.0,10.05,13.85,20.01,0.19,55.9,581.0],[1353840.0,1.89,2.27,48.47,9.35,38.02,1159.0],[13527856.0,9.32,15.54,19.07,0.36,55.71,572.0],[6600275.0,3.17,22.71,8.59,1.2,64.33,834.0],[506271.0,1.79,2.93,3.35,4.99,86.94,632.0],[7667541.0,2.53,13.14,3.46,0.27,80.59,927.0],[2534138.0,2.81,8.55,9.72,9.45,69.48,1574.0],[2655896.0,5.66,2.38,12.36,1.44,78.16,797.0],[8497380.0,3.8,11.51,6.78,0.18,77.73,1007.0],[731081.0,4.02,6.66,14.52,0.5,74.31,444.0],[3176764.0,1.87,28.4,5.36,0.43,63.93,1002.0],[543681.0,1.66,2.11,3.39,8.39,84.45,1074.0],[4364247.0,2.04,17.87,4.85,0.32,74.93,1096.0],[18215199.0,5.22,12.64,38.28,0.39,43.48,1219.0],[1925935.0,3.95,1.31,13.44,1.11,80.18,632.0],[426859.0,2.04,1.49,1.9,0.45,94.13,409.0],[5651126.0,7.22,20.25,9.07,0.31,63.15,1038.0],[4814478.0,10.37,4.66,11.68,1.58,71.72,621.0],[1199851.0,1.02,4.12,1.56,0.23,93.08,850.0],[3828880.0,3.08,6.71,6.18,0.99,83.04,929.0],[382734.0,1.21,1.5,9.47,2.22,85.6,1037.0]],"hovertemplate":"\u003cb\u003e%{location}\u003c\u002fb\u003e\u003cbr\u003eDeaths: %{z}\u003cbr\u003ePop15\u201364: %{customdata[0]:,}\u003cbr\u003eAAPI%: %{customdata[1]:.1f}\u003cbr\u003eBlack%: %{customdata[2]:.1f}\u003cbr\u003eLatinx%: %{customdata[3]:.1f}\u003cbr\u003eNative%: %{customdata[4]:.1f}\u003cbr\u003eWhite%: %{customdata[5]:.1f}\u003cbr\u003eIncarcRate: %{customdata[6]:.1f}\u003cextra\u003e\u003c\u002fextra\u003e","locationmode":"USA-states","locations":["AL","AK","AZ","AR","CA","CO","CT","DE","FL","GA","HI","ID","IL","IN","IA","KS","KY","LA","ME","MD","MA","MI","MN","MS","MO","MT","NE","NV","NH","NJ","NM","NY","NC","ND","OH","OK","OR","PA","RI","SC","SD","TN","TX","UT","VT","VA","WA","WV","WI","WY"],"visible":true,"z":[20,3,26,14,79,19,4,3,96,31,1,4,29,23,6,5,13,36,0,25,10,34,2,9,19,8,3,13,4,13,7,29,24,0,27,18,8,43,2,24,2,32,119,5,1,20,15,6,15,2],"zmax":505,"zmin":0,"type":"choropleth"},{"hoverinfo":"none","lat":[32.8067,61.3707,33.7298,34.9697,36.1162,39.0598,41.5978,39.3185,27.7663,33.0406,21.0943,44.2405,40.3495,39.8494,42.0115,38.5266,37.6681,31.1695,44.6939,39.0639,42.2302,43.3266,45.6945,32.7416,38.4561,46.9219,41.1254,38.3135,43.4525,40.2989,34.8405,42.1657,35.6301,47.5289,40.3888,35.5653,44.572,40.5908,41.6809,33.8569,44.2998,35.7478,31.0545,40.15,44.0459,37.7693,47.4009,38.4912,44.2685,42.756],"lon":[-86.7911,-152.4044,-111.4312,-92.3731,-119.6816,-105.3111,-72.7554,-75.5071,-81.6868,-83.6431,-157.4983,-114.4788,-88.9861,-86.2583,-93.2105,-96.7265,-84.6701,-91.8678,-69.3819,-76.8021,-71.5301,-84.5361,-93.9002,-89.6787,-92.2884,-110.4544,-98.2681,-117.0554,-71.5639,-74.521,-106.2485,-74.9481,-79.8064,-99.784,-82.7649,-96.9289,-122.0709,-77.2098,-71.5118,-80.945,-99.4388,-86.6923,-97.5635,-111.8624,-72.7107,-78.1699,-121.4905,-80.9545,-89.6165,-107.3025],"mode":"text","showlegend":false,"text":["AL","AK","AZ","AR","CA","CO","CT","DE","FL","GA","HI","ID","IL","IN","IA","KS","KY","LA","ME","MD","MA","MI","MN","MS","MO","MT","NE","NV","NH","NJ","NM","NY","NC","ND","OH","OK","OR","PA","RI","SC","SD","TN","TX","UT","VT","VA","WA","WV","WI","WY"],"textfont":{"color":"black","size":9},"visible":true,"type":"scattergeo"},{"colorbar":{"title":{"text":"Deaths"}},"colorscale":[[0.0,"rgb(255,245,240)"],[0.125,"rgb(254,224,210)"],[0.25,"rgb(252,187,161)"],[0.375,"rgb(252,146,114)"],[0.5,"rgb(251,106,74)"],[0.625,"rgb(239,59,44)"],[0.75,"rgb(203,24,29)"],[0.875,"rgb(165,15,21)"],[1.0,"rgb(103,0,13)"]],"customdata":[[3230773.0,1.69,27.98,3.98,0.65,65.7,1296.0],[509054.0,8.25,4.29,6.77,15.23,65.46,871.0],[4356330.0,4.25,5.06,31.99,4.31,54.4,1273.0],[1918010.0,2.17,16.52,7.27,0.88,73.16,1275.0],[26434882.0,15.94,6.4,38.85,0.54,38.27,772.0],[3752681.0,3.84,4.65,20.73,0.81,69.97,867.0],[2410144.0,5.15,10.82,15.95,0.23,67.85,620.0],[617936.0,4.53,23.39,8.96,0.37,62.76,1065.0],[13123991.0,3.37,16.96,26.88,0.31,52.48,1160.0],[6901050.0,4.59,32.75,9.12,0.27,53.27,1217.0],[943498.0,66.21,2.93,9.38,0.44,21.2,593.0],[1081631.0,2.04,1.0,12.34,1.32,83.3,1041.0],[8621099.0,6.09,14.78,17.08,0.21,61.85,718.0],[4365809.0,2.68,10.05,6.58,0.3,80.39,987.0],[2030023.0,3.05,4.06,5.74,0.35,86.8,664.0],[1896384.0,3.7,6.72,11.47,1.07,77.04,912.0],[2930413.0,1.77,8.79,3.42,0.24,85.78,1209.0],[3087502.0,2.06,32.87,5.04,0.71,59.32,1470.0],[873973.0,1.5,1.69,1.64,0.8,94.38,481.0],[4073130.0,7.08,31.4,9.76,0.31,51.46,713.0],[4688538.0,7.48,7.67,11.57,0.23,73.04,422.0],[6607562.0,3.68,14.76,4.86,0.73,75.98,873.0],[3650408.0,5.44,6.61,5.13,1.19,81.63,458.0],[1946443.0,1.25,38.92,3.06,0.51,56.26,1349.0],[3979372.0,2.51,12.51,4.01,0.57,80.4,1128.0],[673445.0,1.18,0.82,3.67,6.45,87.88,945.0],[1236192.0,2.93,5.37,10.27,0.9,80.54,720.0],[1915638.0,9.86,9.68,28.75,1.03,50.69,1090.0],[911214.0,3.31,1.63,3.58,0.3,91.18,509.0],[6057120.0,10.27,13.88,20.36,0.19,55.31,546.0],[1350901.0,1.92,2.29,49.01,9.43,37.36,1104.0],[13519634.0,9.52,15.58,19.28,0.36,55.25,565.0],[6662471.0,3.32,22.72,8.8,1.19,63.97,818.0],[503677.0,1.9,3.32,3.51,5.01,86.26,638.0],[7659690.0,2.67,13.26,3.59,0.27,80.21,941.0],[2537213.0,2.88,8.59,10.06,9.51,68.97,1654.0],[2699022.0,5.95,2.44,12.68,1.44,77.5,774.0],[8476251.0,3.94,11.59,7.07,0.18,77.23,994.0],[732136.0,4.1,6.81,15.0,0.5,73.59,423.0],[3200900.0,1.96,28.28,5.48,0.43,63.85,999.0],[546356.0,1.84,2.34,3.55,8.38,83.89,1147.0],[4391795.0,2.1,17.88,4.98,0.32,74.72,1163.0],[18480179.0,5.39,12.73,38.66,0.39,42.83,1196.0],[1970281.0,4.08,1.37,13.71,1.1,79.74,593.0],[424381.0,2.14,1.56,1.98,0.45,93.87,408.0],[5663730.0,7.42,20.3,9.32,0.31,62.64,1037.0],[4889763.0,10.7,4.76,11.99,1.56,70.98,633.0],[1185407.0,1.05,4.15,1.62,0.23,92.94,872.0],[3825915.0,3.21,6.76,6.38,1.0,82.66,945.0],[378747.0,1.26,1.49,9.66,2.23,85.37,1045.0]],"hovertemplate":"\u003cb\u003e%{location}\u003c\u002fb\u003e\u003cbr\u003eDeaths: %{z}\u003cbr\u003ePop15\u201364: %{customdata[0]:,}\u003cbr\u003eAAPI%: %{customdata[1]:.1f}\u003cbr\u003eBlack%: %{customdata[2]:.1f}\u003cbr\u003eLatinx%: %{customdata[3]:.1f}\u003cbr\u003eNative%: %{customdata[4]:.1f}\u003cbr\u003eWhite%: %{customdata[5]:.1f}\u003cbr\u003eIncarcRate: %{customdata[6]:.1f}\u003cextra\u003e\u003c\u002fextra\u003e","locationmode":"USA-states","locations":["AL","AK","AZ","AR","CA","CO","CT","DE","FL","GA","HI","ID","IL","IN","IA","KS","KY","LA","ME","MD","MA","MI","MN","MS","MO","MT","NE","NV","NH","NJ","NM","NY","NC","ND","OH","OK","OR","PA","RI","SC","SD","TN","TX","UT","VT","VA","WA","WV","WI","WY"],"visible":false,"z":[118,10,126,71,334,57,17,14,356,133,9,16,90,70,29,35,42,128,5,49,34,106,18,65,99,16,9,30,9,49,16,147,127,4,133,93,47,171,2,79,5,102,403,21,7,90,28,26,66,11],"zmax":505,"zmin":0,"type":"choropleth"},{"hoverinfo":"none","lat":[32.8067,61.3707,33.7298,34.9697,36.1162,39.0598,41.5978,39.3185,27.7663,33.0406,21.0943,44.2405,40.3495,39.8494,42.0115,38.5266,37.6681,31.1695,44.6939,39.0639,42.2302,43.3266,45.6945,32.7416,38.4561,46.9219,41.1254,38.3135,43.4525,40.2989,34.8405,42.1657,35.6301,47.5289,40.3888,35.5653,44.572,40.5908,41.6809,33.8569,44.2998,35.7478,31.0545,40.15,44.0459,37.7693,47.4009,38.4912,44.2685,42.756],"lon":[-86.7911,-152.4044,-111.4312,-92.3731,-119.6816,-105.3111,-72.7554,-75.5071,-81.6868,-83.6431,-157.4983,-114.4788,-88.9861,-86.2583,-93.2105,-96.7265,-84.6701,-91.8678,-69.3819,-76.8021,-71.5301,-84.5361,-93.9002,-89.6787,-92.2884,-110.4544,-98.2681,-117.0554,-71.5639,-74.521,-106.2485,-74.9481,-79.8064,-99.784,-82.7649,-96.9289,-122.0709,-77.2098,-71.5118,-80.945,-99.4388,-86.6923,-97.5635,-111.8624,-72.7107,-78.1699,-121.4905,-80.9545,-89.6165,-107.3025],"mode":"text","showlegend":false,"text":["AL","AK","AZ","AR","CA","CO","CT","DE","FL","GA","HI","ID","IL","IN","IA","KS","KY","LA","ME","MD","MA","MI","MN","MS","MO","MT","NE","NV","NH","NJ","NM","NY","NC","ND","OH","OK","OR","PA","RI","SC","SD","TN","TX","UT","VT","VA","WA","WV","WI","WY"],"textfont":{"color":"black","size":9},"visible":false,"type":"scattergeo"},{"colorbar":{"title":{"text":"Deaths"}},"colorscale":[[0.0,"rgb(255,245,240)"],[0.125,"rgb(254,224,210)"],[0.25,"rgb(252,187,161)"],[0.375,"rgb(252,146,114)"],[0.5,"rgb(251,106,74)"],[0.625,"rgb(239,59,44)"],[0.75,"rgb(203,24,29)"],[0.875,"rgb(165,15,21)"],[1.0,"rgb(103,0,13)"]],"customdata":[[3230476.0,1.74,28.04,4.07,0.65,65.49,1261.0],[504320.0,8.61,4.37,6.99,15.36,64.68,872.0],[4395093.0,4.32,5.17,32.46,4.29,53.75,1256.0],[1918770.0,2.24,16.52,7.51,0.89,72.84,1294.0],[26501551.0,16.17,6.41,39.2,0.54,37.69,773.0],[3794758.0,3.93,4.69,21.03,0.81,69.54,870.0],[2402786.0,5.25,10.94,16.42,0.22,67.17,584.0],[619484.0,4.58,23.64,9.26,0.36,62.15,1040.0],[13291633.0,3.43,16.98,27.52,0.31,51.77,1144.0],[6961084.0,4.72,32.97,9.35,0.27,52.69,1233.0],[937138.0,66.45,2.98,9.52,0.44,20.77,600.0],[1103498.0,2.09,1.04,12.59,1.31,82.97,1082.0],[8577540.0,6.25,14.76,17.41,0.21,61.37,700.0],[4366806.0,2.77,10.18,6.8,0.3,79.95,1038.0],[2029809.0,3.17,4.25,5.93,0.35,86.3,677.0],[1889527.0,3.74,6.75,11.77,1.07,76.67,932.0],[2930536.0,1.84,8.91,3.57,0.24,85.44,1245.0],[3066326.0,2.08,33.03,5.09,0.71,59.08,1518.0],[871198.0,1.53,1.75,1.72,0.81,94.2,474.0],[4076936.0,7.22,31.6,10.05,0.31,50.82,703.0],[4709896.0,7.74,7.81,11.93,0.23,72.29,412.0],[6601407.0,3.83,14.76,5.01,0.73,75.67,852.0],[3664036.0,5.59,6.89,5.29,1.19,81.04,460.0],[1940031.0,1.27,39.03,3.16,0.52,56.02,1376.0],[3977824.0,2.6,12.55,4.14,0.57,80.14,1142.0],[677347.0,1.22,0.85,3.85,6.49,87.6,944.0],[1239742.0,3.05,5.44,10.66,0.9,79.96,728.0],[1943320.0,10.0,9.95,29.22,1.03,49.8,1086.0],[912398.0,3.36,1.72,3.79,0.3,90.83,494.0],[6076287.0,10.52,13.9,20.75,0.18,54.64,519.0],[1345438.0,1.93,2.32,49.55,9.51,36.69,1105.0],[13489535.0,9.68,15.62,19.47,0.37,54.87,552.0],[6707316.0,3.46,22.74,9.05,1.18,63.57,834.0],[500906.0,2.14,3.53,3.66,5.01,85.66,647.0],[7652488.0,2.79,13.37,3.73,0.27,79.83,938.0],[2532447.0,2.93,8.64,10.39,9.58,68.47,1605.0],[2724753.0,6.12,2.49,13.07,1.43,76.89,774.0],[8453317.0,4.07,11.67,7.39,0.18,76.7,983.0],[731423.0,4.09,6.92,15.49,0.5,73.0,391.0],[3221399.0,2.04,28.14,5.65,0.43,63.74,968.0],[549711.0,2.02,2.55,3.81,8.32,83.3,1184.0],[4425635.0,2.17,17.9,5.17,0.32,74.44,1168.0],[18696190.0,5.54,12.83,39.05,0.39,42.19,1179.0],[2015112.0,4.2,1.44,14.0,1.09,79.27,621.0],[423083.0,2.32,1.63,2.07,0.45,93.53,365.0],[5680032.0,7.62,20.36,9.6,0.32,62.11,1040.0],[4961407.0,11.09,4.88,12.29,1.55,70.19,642.0],[1169062.0,1.05,4.19,1.68,0.23,92.85,907.0],[3823716.0,3.32,6.81,6.58,1.01,82.28,965.0],[372382.0,1.35,1.49,9.78,2.24,85.14,1080.0]],"hovertemplate":"\u003cb\u003e%{location}\u003c\u002fb\u003e\u003cbr\u003eDeaths: %{z}\u003cbr\u003ePop15\u201364: %{customdata[0]:,}\u003cbr\u003eAAPI%: %{customdata[1]:.1f}\u003cbr\u003eBlack%: %{customdata[2]:.1f}\u003cbr\u003eLatinx%: %{customdata[3]:.1f}\u003cbr\u003eNative%: %{customdata[4]:.1f}\u003cbr\u003eWhite%: %{customdata[5]:.1f}\u003cbr\u003eIncarcRate: %{customdata[6]:.1f}\u003cextra\u003e\u003c\u002fextra\u003e","locationmode":"USA-states","locations":["AL","AK","AZ","AR","CA","CO","CT","DE","FL","GA","HI","ID","IL","IN","IA","KS","KY","LA","ME","MD","MA","MI","MN","MS","MO","MT","NE","NV","NH","NJ","NM","NY","NC","ND","OH","OK","OR","PA","RI","SC","SD","TN","TX","UT","VT","VA","WA","WV","WI","WY"],"visible":false,"z":[116,9,133,81,384,41,14,10,428,173,4,15,104,68,16,26,70,127,4,57,37,106,6,76,94,13,16,47,5,39,18,143,104,2,149,86,25,181,8,105,12,96,469,20,4,93,40,29,43,8],"zmax":505,"zmin":0,"type":"choropleth"},{"hoverinfo":"none","lat":[32.8067,61.3707,33.7298,34.9697,36.1162,39.0598,41.5978,39.3185,27.7663,33.0406,21.0943,44.2405,40.3495,39.8494,42.0115,38.5266,37.6681,31.1695,44.6939,39.0639,42.2302,43.3266,45.6945,32.7416,38.4561,46.9219,41.1254,38.3135,43.4525,40.2989,34.8405,42.1657,35.6301,47.5289,40.3888,35.5653,44.572,40.5908,41.6809,33.8569,44.2998,35.7478,31.0545,40.15,44.0459,37.7693,47.4009,38.4912,44.2685,42.756],"lon":[-86.7911,-152.4044,-111.4312,-92.3731,-119.6816,-105.3111,-72.7554,-75.5071,-81.6868,-83.6431,-157.4983,-114.4788,-88.9861,-86.2583,-93.2105,-96.7265,-84.6701,-91.8678,-69.3819,-76.8021,-71.5301,-84.5361,-93.9002,-89.6787,-92.2884,-110.4544,-98.2681,-117.0554,-71.5639,-74.521,-106.2485,-74.9481,-79.8064,-99.784,-82.7649,-96.9289,-122.0709,-77.2098,-71.5118,-80.945,-99.4388,-86.6923,-97.5635,-111.8624,-72.7107,-78.1699,-121.4905,-80.9545,-89.6165,-107.3025],"mode":"text","showlegend":false,"text":["AL","AK","AZ","AR","CA","CO","CT","DE","FL","GA","HI","ID","IL","IN","IA","KS","KY","LA","ME","MD","MA","MI","MN","MS","MO","MT","NE","NV","NH","NJ","NM","NY","NC","ND","OH","OK","OR","PA","RI","SC","SD","TN","TX","UT","VT","VA","WA","WV","WI","WY"],"textfont":{"color":"black","size":9},"visible":false,"type":"scattergeo"},{"colorbar":{"title":{"text":"Deaths"}},"colorscale":[[0.0,"rgb(255,245,240)"],[0.125,"rgb(254,224,210)"],[0.25,"rgb(252,187,161)"],[0.375,"rgb(252,146,114)"],[0.5,"rgb(251,106,74)"],[0.625,"rgb(239,59,44)"],[0.75,"rgb(203,24,29)"],[0.875,"rgb(165,15,21)"],[1.0,"rgb(103,0,13)"]],"customdata":[[3231340.0,1.78,28.04,4.21,0.65,65.32,1275.0],[497876.0,8.73,4.4,7.13,15.56,64.18,879.0],[4444103.0,4.36,5.29,32.87,4.27,53.21,1240.0],[1916640.0,2.27,16.52,7.75,0.9,72.56,1289.0],[26512430.0,16.36,6.41,39.57,0.53,37.12,761.0],[3841477.0,4.04,4.75,21.35,0.81,69.05,866.0],[2396616.0,5.37,11.05,16.97,0.22,66.39,570.0],[621543.0,4.69,23.9,9.54,0.36,61.51,976.0],[13402272.0,3.47,17.0,28.12,0.31,51.11,1141.0],[7014199.0,4.83,33.17,9.59,0.27,52.14,1251.0],[931759.0,66.65,3.03,9.69,0.44,20.35,576.0],[1124136.0,2.1,1.07,12.84,1.3,82.69,1102.0],[8521827.0,6.38,14.76,17.76,0.21,60.88,671.0],[4377031.0,2.93,10.33,7.04,0.3,79.4,1072.0],[2026907.0,3.24,4.41,6.14,0.36,85.86,706.0],[1886845.0,3.84,6.78,12.1,1.06,76.22,962.0],[2924340.0,1.87,8.97,3.73,0.24,85.2,1307.0],[3043971.0,2.1,33.16,5.18,0.72,58.84,1532.0],[868978.0,1.57,1.83,1.79,0.81,94.0,472.0],[4072373.0,7.3,31.78,10.37,0.31,50.24,687.0],[4718053.0,7.91,7.92,12.31,0.23,71.62,376.0],[6584943.0,3.94,14.77,5.17,0.73,75.39,840.0],[3676284.0,5.73,7.16,5.47,1.19,80.45,448.0],[1925425.0,1.3,39.12,3.25,0.53,55.81,1346.0],[3972102.0,2.68,12.58,4.28,0.58,79.89,1084.0],[678779.0,1.25,0.87,3.97,6.5,87.42,1012.0],[1242799.0,3.16,5.55,10.99,0.91,79.4,745.0],[1975686.0,10.06,10.17,29.68,1.03,49.07,1063.0],[911775.0,3.42,1.81,4.0,0.3,90.48,472.0],[6082722.0,10.66,13.94,21.17,0.18,54.05,502.0],[1341358.0,1.97,2.34,50.09,9.56,36.04,1010.0],[13451681.0,9.79,15.64,19.69,0.37,54.51,514.0],[6753413.0,3.56,22.74,9.34,1.16,63.19,793.0],[500267.0,2.17,3.74,3.88,5.02,85.19,631.0],[7635190.0,2.89,13.49,3.89,0.27,79.46,932.0],[2530690.0,2.99,8.68,10.7,9.62,68.01,1521.0],[2737594.0,6.25,2.56,13.44,1.43,76.32,771.0],[8436476.0,4.18,11.75,7.75,0.18,76.13,961.0],[733357.0,4.18,7.08,16.04,0.5,72.2,377.0],[3241810.0,2.11,27.98,5.85,0.43,63.63,939.0],[549592.0,2.0,2.63,3.98,8.34,83.05,1201.0],[4457385.0,2.26,17.89,5.36,0.32,74.17,1145.0],[18883829.0,5.65,12.92,39.44,0.39,41.61,1170.0],[2056168.0,4.29,1.48,14.26,1.09,78.89,632.0],[421283.0,2.36,1.68,2.16,0.45,93.35,393.0],[5682908.0,7.76,20.41,9.85,0.31,61.67,1024.0],[5012299.0,11.48,5.0,12.58,1.54,69.4,634.0],[1153567.0,1.04,4.22,1.75,0.23,92.76,947.0],[3821974.0,3.37,6.85,6.83,1.01,81.93,977.0],[368946.0,1.42,1.5,9.97,2.27,84.84,1118.0]],"hovertemplate":"\u003cb\u003e%{location}\u003c\u002fb\u003e\u003cbr\u003eDeaths: %{z}\u003cbr\u003ePop15\u201364: %{customdata[0]:,}\u003cbr\u003eAAPI%: %{customdata[1]:.1f}\u003cbr\u003eBlack%: %{customdata[2]:.1f}\u003cbr\u003eLatinx%: %{customdata[3]:.1f}\u003cbr\u003eNative%: %{customdata[4]:.1f}\u003cbr\u003eWhite%: %{customdata[5]:.1f}\u003cbr\u003eIncarcRate: %{customdata[6]:.1f}\u003cextra\u003e\u003c\u002fextra\u003e","locationmode":"USA-states","locations":["AL","AK","AZ","AR","CA","CO","CT","DE","FL","GA","HI","ID","IL","IN","IA","KS","KY","LA","ME","MD","MA","MI","MN","MS","MO","MT","NE","NV","NH","NJ","NM","NY","NC","ND","OH","OK","OR","PA","RI","SC","SD","TN","TX","UT","VT","VA","WA","WV","WI","WY"],"visible":false,"z":[125,11,131,76,449,55,28,16,440,163,6,22,83,67,19,33,50,115,8,57,42,135,6,76,106,5,10,29,8,33,22,138,118,0,151,113,33,166,5,100,6,121,505,17,2,106,36,34,52,6],"zmax":505,"zmin":0,"type":"choropleth"},{"hoverinfo":"none","lat":[32.8067,61.3707,33.7298,34.9697,36.1162,39.0598,41.5978,39.3185,27.7663,33.0406,21.0943,44.2405,40.3495,39.8494,42.0115,38.5266,37.6681,31.1695,44.6939,39.0639,42.2302,43.3266,45.6945,32.7416,38.4561,46.9219,41.1254,38.3135,43.4525,40.2989,34.8405,42.1657,35.6301,47.5289,40.3888,35.5653,44.572,40.5908,41.6809,33.8569,44.2998,35.7478,31.0545,40.15,44.0459,37.7693,47.4009,38.4912,44.2685,42.756],"lon":[-86.7911,-152.4044,-111.4312,-92.3731,-119.6816,-105.3111,-72.7554,-75.5071,-81.6868,-83.6431,-157.4983,-114.4788,-88.9861,-86.2583,-93.2105,-96.7265,-84.6701,-91.8678,-69.3819,-76.8021,-71.5301,-84.5361,-93.9002,-89.6787,-92.2884,-110.4544,-98.2681,-117.0554,-71.5639,-74.521,-106.2485,-74.9481,-79.8064,-99.784,-82.7649,-96.9289,-122.0709,-77.2098,-71.5118,-80.945,-99.4388,-86.6923,-97.5635,-111.8624,-72.7107,-78.1699,-121.4905,-80.9545,-89.6165,-107.3025],"mode":"text","showlegend":false,"text":["AL","AK","AZ","AR","CA","CO","CT","DE","FL","GA","HI","ID","IL","IN","IA","KS","KY","LA","ME","MD","MA","MI","MN","MS","MO","MT","NE","NV","NH","NJ","NM","NY","NC","ND","OH","OK","OR","PA","RI","SC","SD","TN","TX","UT","VT","VA","WA","WV","WI","WY"],"textfont":{"color":"black","size":9},"visible":false,"type":"scattergeo"},{"colorbar":{"title":{"text":"Deaths"}},"colorscale":[[0.0,"rgb(255,245,240)"],[0.125,"rgb(254,224,210)"],[0.25,"rgb(252,187,161)"],[0.375,"rgb(252,146,114)"],[0.5,"rgb(251,106,74)"],[0.625,"rgb(239,59,44)"],[0.75,"rgb(203,24,29)"],[0.875,"rgb(165,15,21)"],[1.0,"rgb(103,0,13)"]],"customdata":[[3233090.0,1.82,28.02,4.32,0.65,65.2,1297.0],[493016.0,8.89,4.42,7.26,15.71,63.72,907.0],[4500120.0,4.44,5.41,33.28,4.24,52.62,1236.0],[1914416.0,2.33,16.51,7.99,0.9,72.26,1323.0],[26447533.0,16.53,6.42,39.98,0.53,36.54,741.0],[3877220.0,4.09,4.79,21.63,0.8,68.68,849.0],[2383868.0,5.48,11.23,17.38,0.22,65.7,537.0],[624163.0,4.83,24.15,9.79,0.36,60.87,911.0],[13480937.0,3.51,17.05,28.56,0.3,50.59,1123.0],[7073783.0,4.95,33.35,9.82,0.27,51.61,1291.0],[924083.0,66.87,3.07,9.85,0.44,19.93,571.0],[1148500.0,2.12,1.1,13.12,1.28,82.37,1105.0],[8464548.0,6.48,14.78,18.12,0.21,60.4,646.0],[4383919.0,3.04,10.46,7.29,0.3,78.91,1083.0],[2027437.0,3.35,4.58,6.37,0.36,85.33,710.0],[1880114.0,3.88,6.81,12.42,1.07,75.82,919.0],[2918305.0,1.94,9.07,3.84,0.23,84.92,1286.0],[3023510.0,2.14,33.27,5.3,0.72,58.57,1600.0],[867692.0,1.61,1.96,1.89,0.81,93.72,435.0],[4068006.0,7.41,31.99,10.65,0.3,49.64,666.0],[4717685.0,8.13,8.06,12.56,0.23,71.02,362.0],[6556511.0,4.0,14.81,5.36,0.74,75.1,827.0],[3685041.0,5.87,7.45,5.62,1.19,79.86,435.0],[1914029.0,1.32,39.13,3.31,0.54,55.7,1444.0],[3964191.0,2.77,12.6,4.42,0.58,79.64,968.0],[680726.0,1.31,0.9,4.1,6.51,87.19,1112.0],[1244161.0,3.21,5.65,11.32,0.91,78.92,786.0],[2009794.0,10.21,10.34,30.14,1.02,48.28,1001.0],[911704.0,3.49,1.9,4.2,0.29,90.11,454.0],[6087087.0,10.82,13.99,21.55,0.19,53.45,449.0],[1341230.0,2.01,2.4,50.56,9.59,35.45,982.0],[13388715.0,9.92,15.66,19.86,0.37,54.19,480.0],[6795892.0,3.68,22.72,9.6,1.15,62.84,784.0],[500204.0,2.18,3.85,4.12,5.06,84.8,638.0],[7616818.0,3.0,13.61,4.04,0.27,79.08,936.0],[2534258.0,3.05,8.73,11.01,9.65,67.56,1437.0],[2748164.0,6.34,2.63,13.82,1.43,75.78,763.0],[8398537.0,4.29,11.84,8.0,0.18,75.68,932.0],[732040.0,4.17,7.22,16.5,0.51,71.59,374.0],[3262364.0,2.2,27.8,6.07,0.43,63.5,899.0],[551429.0,2.1,2.76,4.16,8.31,82.67,1154.0],[4477682.0,2.3,17.86,5.54,0.32,73.98,1150.0],[19096536.0,5.76,13.0,39.8,0.38,41.05,1140.0],[2095368.0,4.34,1.53,14.45,1.08,78.59,596.0],[419480.0,2.4,1.77,2.26,0.44,93.13,383.0],[5692468.0,7.93,20.44,10.1,0.31,61.22,1007.0],[5056791.0,11.81,5.11,12.95,1.53,68.6,615.0],[1141168.0,1.06,4.26,1.86,0.23,92.58,971.0],[3818201.0,3.47,6.9,7.03,1.02,81.59,960.0],[367331.0,1.4,1.5,10.15,2.28,84.66,1049.0]],"hovertemplate":"\u003cb\u003e%{location}\u003c\u002fb\u003e\u003cbr\u003eDeaths: %{z}\u003cbr\u003ePop15\u201364: %{customdata[0]:,}\u003cbr\u003eAAPI%: %{customdata[1]:.1f}\u003cbr\u003eBlack%: %{customdata[2]:.1f}\u003cbr\u003eLatinx%: %{customdata[3]:.1f}\u003cbr\u003eNative%: %{customdata[4]:.1f}\u003cbr\u003eWhite%: %{customdata[5]:.1f}\u003cbr\u003eIncarcRate: %{customdata[6]:.1f}\u003cextra\u003e\u003c\u002fextra\u003e","locationmode":"USA-states","locations":["AL","AK","AZ","AR","CA","CO","CT","DE","FL","GA","HI","ID","IL","IN","IA","KS","KY","LA","ME","MD","MA","MI","MN","MS","MO","MT","NE","NV","NH","NJ","NM","NY","NC","ND","OH","OK","OR","PA","RI","SC","SD","TN","TX","UT","VT","VA","WA","WV","WI","WY"],"visible":false,"z":[129,3,114,76,398,49,19,13,400,157,9,25,94,93,16,35,63,102,8,61,34,116,10,73,84,8,17,34,8,43,18,112,119,1,136,100,34,157,3,70,12,103,448,21,5,90,37,28,49,9],"zmax":505,"zmin":0,"type":"choropleth"},{"hoverinfo":"none","lat":[32.8067,61.3707,33.7298,34.9697,36.1162,39.0598,41.5978,39.3185,27.7663,33.0406,21.0943,44.2405,40.3495,39.8494,42.0115,38.5266,37.6681,31.1695,44.6939,39.0639,42.2302,43.3266,45.6945,32.7416,38.4561,46.9219,41.1254,38.3135,43.4525,40.2989,34.8405,42.1657,35.6301,47.5289,40.3888,35.5653,44.572,40.5908,41.6809,33.8569,44.2998,35.7478,31.0545,40.15,44.0459,37.7693,47.4009,38.4912,44.2685,42.756],"lon":[-86.7911,-152.4044,-111.4312,-92.3731,-119.6816,-105.3111,-72.7554,-75.5071,-81.6868,-83.6431,-157.4983,-114.4788,-88.9861,-86.2583,-93.2105,-96.7265,-84.6701,-91.8678,-69.3819,-76.8021,-71.5301,-84.5361,-93.9002,-89.6787,-92.2884,-110.4544,-98.2681,-117.0554,-71.5639,-74.521,-106.2485,-74.9481,-79.8064,-99.784,-82.7649,-96.9289,-122.0709,-77.2098,-71.5118,-80.945,-99.4388,-86.6923,-97.5635,-111.8624,-72.7107,-78.1699,-121.4905,-80.9545,-89.6165,-107.3025],"mode":"text","showlegend":false,"text":["AL","AK","AZ","AR","CA","CO","CT","DE","FL","GA","HI","ID","IL","IN","IA","KS","KY","LA","ME","MD","MA","MI","MN","MS","MO","MT","NE","NV","NH","NJ","NM","NY","NC","ND","OH","OK","OR","PA","RI","SC","SD","TN","TX","UT","VT","VA","WA","WV","WI","WY"],"textfont":{"color":"black","size":9},"visible":false,"type":"scattergeo"}],                        {"template":{"data":{"histogram2dcontour":[{"type":"histogram2dcontour","colorbar":{"outlinewidth":0,"ticks":""},"colorscale":[[0.0,"#0d0887"],[0.1111111111111111,"#46039f"],[0.2222222222222222,"#7201a8"],[0.3333333333333333,"#9c179e"],[0.4444444444444444,"#bd3786"],[0.5555555555555556,"#d8576b"],[0.6666666666666666,"#ed7953"],[0.7777777777777778,"#fb9f3a"],[0.8888888888888888,"#fdca26"],[1.0,"#f0f921"]]}],"choropleth":[{"type":"choropleth","colorbar":{"outlinewidth":0,"ticks":""}}],"histogram2d":[{"type":"histogram2d","colorbar":{"outlinewidth":0,"ticks":""},"colorscale":[[0.0,"#0d0887"],[0.1111111111111111,"#46039f"],[0.2222222222222222,"#7201a8"],[0.3333333333333333,"#9c179e"],[0.4444444444444444,"#bd3786"],[0.5555555555555556,"#d8576b"],[0.6666666666666666,"#ed7953"],[0.7777777777777778,"#fb9f3a"],[0.8888888888888888,"#fdca26"],[1.0,"#f0f921"]]}],"heatmap":[{"type":"heatmap","colorbar":{"outlinewidth":0,"ticks":""},"colorscale":[[0.0,"#0d0887"],[0.1111111111111111,"#46039f"],[0.2222222222222222,"#7201a8"],[0.3333333333333333,"#9c179e"],[0.4444444444444444,"#bd3786"],[0.5555555555555556,"#d8576b"],[0.6666666666666666,"#ed7953"],[0.7777777777777778,"#fb9f3a"],[0.8888888888888888,"#fdca26"],[1.0,"#f0f921"]]}],"heatmapgl":[{"type":"heatmapgl","colorbar":{"outlinewidth":0,"ticks":""},"colorscale":[[0.0,"#0d0887"],[0.1111111111111111,"#46039f"],[0.2222222222222222,"#7201a8"],[0.3333333333333333,"#9c179e"],[0.4444444444444444,"#bd3786"],[0.5555555555555556,"#d8576b"],[0.6666666666666666,"#ed7953"],[0.7777777777777778,"#fb9f3a"],[0.8888888888888888,"#fdca26"],[1.0,"#f0f921"]]}],"contourcarpet":[{"type":"contourcarpet","colorbar":{"outlinewidth":0,"ticks":""}}],"contour":[{"type":"contour","colorbar":{"outlinewidth":0,"ticks":""},"colorscale":[[0.0,"#0d0887"],[0.1111111111111111,"#46039f"],[0.2222222222222222,"#7201a8"],[0.3333333333333333,"#9c179e"],[0.4444444444444444,"#bd3786"],[0.5555555555555556,"#d8576b"],[0.6666666666666666,"#ed7953"],[0.7777777777777778,"#fb9f3a"],[0.8888888888888888,"#fdca26"],[1.0,"#f0f921"]]}],"surface":[{"type":"surface","colorbar":{"outlinewidth":0,"ticks":""},"colorscale":[[0.0,"#0d0887"],[0.1111111111111111,"#46039f"],[0.2222222222222222,"#7201a8"],[0.3333333333333333,"#9c179e"],[0.4444444444444444,"#bd3786"],[0.5555555555555556,"#d8576b"],[0.6666666666666666,"#ed7953"],[0.7777777777777778,"#fb9f3a"],[0.8888888888888888,"#fdca26"],[1.0,"#f0f921"]]}],"mesh3d":[{"type":"mesh3d","colorbar":{"outlinewidth":0,"ticks":""}}],"scatter":[{"fillpattern":{"fillmode":"overlay","size":10,"solidity":0.2},"type":"scatter"}],"parcoords":[{"type":"parcoords","line":{"colorbar":{"outlinewidth":0,"ticks":""}}}],"scatterpolargl":[{"type":"scatterpolargl","marker":{"colorbar":{"outlinewidth":0,"ticks":""}}}],"bar":[{"error_x":{"color":"#2a3f5f"},"error_y":{"color":"#2a3f5f"},"marker":{"line":{"color":"#E5ECF6","width":0.5},"pattern":{"fillmode":"overlay","size":10,"solidity":0.2}},"type":"bar"}],"scattergeo":[{"type":"scattergeo","marker":{"colorbar":{"outlinewidth":0,"ticks":""}}}],"scatterpolar":[{"type":"scatterpolar","marker":{"colorbar":{"outlinewidth":0,"ticks":""}}}],"histogram":[{"marker":{"pattern":{"fillmode":"overlay","size":10,"solidity":0.2}},"type":"histogram"}],"scattergl":[{"type":"scattergl","marker":{"colorbar":{"outlinewidth":0,"ticks":""}}}],"scatter3d":[{"type":"scatter3d","line":{"colorbar":{"outlinewidth":0,"ticks":""}},"marker":{"colorbar":{"outlinewidth":0,"ticks":""}}}],"scattermapbox":[{"type":"scattermapbox","marker":{"colorbar":{"outlinewidth":0,"ticks":""}}}],"scatterternary":[{"type":"scatterternary","marker":{"colorbar":{"outlinewidth":0,"ticks":""}}}],"scattercarpet":[{"type":"scattercarpet","marker":{"colorbar":{"outlinewidth":0,"ticks":""}}}],"carpet":[{"aaxis":{"endlinecolor":"#2a3f5f","gridcolor":"white","linecolor":"white","minorgridcolor":"white","startlinecolor":"#2a3f5f"},"baxis":{"endlinecolor":"#2a3f5f","gridcolor":"white","linecolor":"white","minorgridcolor":"white","startlinecolor":"#2a3f5f"},"type":"carpet"}],"table":[{"cells":{"fill":{"color":"#EBF0F8"},"line":{"color":"white"}},"header":{"fill":{"color":"#C8D4E3"},"line":{"color":"white"}},"type":"table"}],"barpolar":[{"marker":{"line":{"color":"#E5ECF6","width":0.5},"pattern":{"fillmode":"overlay","size":10,"solidity":0.2}},"type":"barpolar"}],"pie":[{"automargin":true,"type":"pie"}]},"layout":{"autotypenumbers":"strict","colorway":["#636efa","#EF553B","#00cc96","#ab63fa","#FFA15A","#19d3f3","#FF6692","#B6E880","#FF97FF","#FECB52"],"font":{"color":"#2a3f5f"},"hovermode":"closest","hoverlabel":{"align":"left"},"paper_bgcolor":"white","plot_bgcolor":"#E5ECF6","polar":{"bgcolor":"#E5ECF6","angularaxis":{"gridcolor":"white","linecolor":"white","ticks":""},"radialaxis":{"gridcolor":"white","linecolor":"white","ticks":""}},"ternary":{"bgcolor":"#E5ECF6","aaxis":{"gridcolor":"white","linecolor":"white","ticks":""},"baxis":{"gridcolor":"white","linecolor":"white","ticks":""},"caxis":{"gridcolor":"white","linecolor":"white","ticks":""}},"coloraxis":{"colorbar":{"outlinewidth":0,"ticks":""}},"colorscale":{"sequential":[[0.0,"#0d0887"],[0.1111111111111111,"#46039f"],[0.2222222222222222,"#7201a8"],[0.3333333333333333,"#9c179e"],[0.4444444444444444,"#bd3786"],[0.5555555555555556,"#d8576b"],[0.6666666666666666,"#ed7953"],[0.7777777777777778,"#fb9f3a"],[0.8888888888888888,"#fdca26"],[1.0,"#f0f921"]],"sequentialminus":[[0.0,"#0d0887"],[0.1111111111111111,"#46039f"],[0.2222222222222222,"#7201a8"],[0.3333333333333333,"#9c179e"],[0.4444444444444444,"#bd3786"],[0.5555555555555556,"#d8576b"],[0.6666666666666666,"#ed7953"],[0.7777777777777778,"#fb9f3a"],[0.8888888888888888,"#fdca26"],[1.0,"#f0f921"]],"diverging":[[0,"#8e0152"],[0.1,"#c51b7d"],[0.2,"#de77ae"],[0.3,"#f1b6da"],[0.4,"#fde0ef"],[0.5,"#f7f7f7"],[0.6,"#e6f5d0"],[0.7,"#b8e186"],[0.8,"#7fbc41"],[0.9,"#4d9221"],[1,"#276419"]]},"xaxis":{"gridcolor":"white","linecolor":"white","ticks":"","title":{"standoff":15},"zerolinecolor":"white","automargin":true,"zerolinewidth":2},"yaxis":{"gridcolor":"white","linecolor":"white","ticks":"","title":{"standoff":15},"zerolinecolor":"white","automargin":true,"zerolinewidth":2},"scene":{"xaxis":{"backgroundcolor":"#E5ECF6","gridcolor":"white","linecolor":"white","showbackground":true,"ticks":"","zerolinecolor":"white","gridwidth":2},"yaxis":{"backgroundcolor":"#E5ECF6","gridcolor":"white","linecolor":"white","showbackground":true,"ticks":"","zerolinecolor":"white","gridwidth":2},"zaxis":{"backgroundcolor":"#E5ECF6","gridcolor":"white","linecolor":"white","showbackground":true,"ticks":"","zerolinecolor":"white","gridwidth":2}},"shapedefaults":{"line":{"color":"#2a3f5f"}},"annotationdefaults":{"arrowcolor":"#2a3f5f","arrowhead":0,"arrowwidth":1},"geo":{"bgcolor":"white","landcolor":"#E5ECF6","subunitcolor":"white","showland":true,"showlakes":true,"lakecolor":"white"},"title":{"x":0.05},"mapbox":{"style":"light"}}},"geo":{"scope":"usa","lakecolor":"white","bgcolor":"#F0F0F0"},"margin":{"l":0,"r":0,"t":50,"b":0},"title":{"text":"US Prisoner Deaths by State \u2014 2015"},"updatemenus":[{"buttons":[{"args":[null,{"frame":{"duration":1000,"redraw":true},"fromcurrent":true}],"label":"Play","method":"animate"}],"showactive":false,"type":"buttons","x":0.1,"y":1.05}],"sliders":[{"active":0,"currentvalue":{"prefix":"Year: "},"pad":{"t":50},"steps":[{"args":[{"visible":[true,true,false,false,false,false,false,false,false,false]},{"title":"US Prisoner Deaths by State \u2014 2015"}],"label":"2015","method":"update"},{"args":[{"visible":[false,false,true,true,false,false,false,false,false,false]},{"title":"US Prisoner Deaths by State \u2014 2016"}],"label":"2016","method":"update"},{"args":[{"visible":[false,false,false,false,true,true,false,false,false,false]},{"title":"US Prisoner Deaths by State \u2014 2017"}],"label":"2017","method":"update"},{"args":[{"visible":[false,false,false,false,false,false,true,true,false,false]},{"title":"US Prisoner Deaths by State \u2014 2018"}],"label":"2018","method":"update"},{"args":[{"visible":[false,false,false,false,false,false,false,false,true,true]},{"title":"US Prisoner Deaths by State \u2014 2019"}],"label":"2019","method":"update"}]}]},                        {"responsive": true}                    )                };                            </script>        </div>
</body>
</html>